37,1
37,3
49,4
49,1
49,3
38,1
38,3
0,273
0,270
10,9
10,19
10,121
10,259
10,205
10,103
10,21
10,299
10,2
10,3
9,5
8,7
8,14
8,15
8,5
8,2
8,3
40,4
40,3
40,2
40,1
40,0
25,4
25,3
25,1
20,3
20,2
20,1
19,3
19,2
19,1
18,3
18,1
14,3
14,1
13,1
13,3
12,3
12,2
12,1
11,28
11,27
11,26
11,25
11,24
11,23
11,22
11,21
11,20
11,19
11,18
11,17
11,16
11,15
11,14
11,13
11,12
11,11
11,10
11,9
11,8
11,7
11,6
11,5
11,4
11,3
11,2
11,1
10,298
10,296
10,270
10,268
10,264
10,260
10,258
10,256
10,254
10,252
10,250
10,248
10,244
10,240
10,238
10,230
10,228
10,226
10,224
10,222
10,214
10,212
10,210
10,204
10,202
10,198
10,192
10,190
10,186
10,184
10,179
10,177
10,176
10,174
10,170
10,168
10,165
